camera:
  exposuretime: 6000.0
  gain: 16.0
calibration:
  pattern_cols: 10
  pattern_rows: 7
  center_distance_mm: 30.0
  camera_matrix: [2332.0050467636815, 0, 725.5685014245757, 0, 2334.9472759618193, 549.9154647263636, 0, 0, 1]
  distort_coeffs: [-0.4771792900696904, 0.3148366842233517, -0.00037468013582780567, -0.00047277245616290285, 0]
  reprojection_error: 0.24679826135494723
handeye_calibration:
  R_gimbal2imubody: [0, 1, 0, -1, 0, 0, 0, 0, 1]
  R_camera2gimbal: [-0.014407199790706926, -0.01220409798835459, 0.999821730403216, -0.9997078916293807, 0.01958163788901568, -0.014166540562954799, -0.019405257229138717, -0.9997337742868719, -0.012482649638472676]
  t_camera2gimbal: [0.11525562104964382, -0.0006166836256630326, 0.04980739387339284]